   1.0000000      0.35061342      0.45959723      0.51351565      0.29975057      0.39551419      0.46829349      0.43301350      0.42770123      0.45700091      0.51655012      0.46867007      0.44977170      0.41218537      0.44097009      0.51583475      0.44129765      0.38986179      0.42610565      0.42256093      0.52679706      0.49548456      0.51880085      0.45337939      0.37483236      0.40169358      0.38518062      0.44757938      0.39584094      0.55820203      0.33383977      0.49193162      0.46151406      0.35888693      0.49938181      0.39048681      0.48885199      0.40401211      0.47605389      0.36140734      0.46902010      0.42648169      0.50548595      0.37646043      0.51916313      0.45646393      0.40993795      0.36964682      0.35650009      0.38729608      0.53333223      0.44032329      0.37713739      0.36026621      0.31045046      0.51945341      0.41206861      0.41533715      0.46931657      0.46768934      0.38808462      0.43482032      0.44351310      0.37775004      0.45492595      0.44857398      0.29036427      0.32901686      0.39681506      0.47838795      0.38166085      0.37629026      0.46386880      0.53328800      0.43999606      0.53430343      0.43513557      0.38797617      0.39090791      0.37757969      0.54814953      0.42540255      0.47135589      0.47913972      0.47941977      0.50498283      0.47059298      0.48548743      0.44439641      0.49171442      0.33201435      0.43553737      0.37103832      0.43418267      0.32015133      0.45889834      0.37603801      0.37229088      0.39065084      0.41514695      0.49539036      0.44323763      0.43620059      0.48599729      0.39679238      0.40561262      0.46403453      0.55333215      0.36620805      0.42831713      0.32843971      0.54946941      0.45370317      0.38016430      0.50915724      0.45700210      0.50847447      0.56021035      0.39690012      0.35706177      0.52237344      0.49674967      0.44083804      0.37058541      0.43020946      0.48896560      0.40865967      0.49127018      0.40798166      0.40111914      0.38081867      0.51314580    
  0.35061342       1.0000000      0.44738138      0.42263207      0.33329499      0.28728566      0.34367079      0.36743671      0.37302178      0.30200425      0.37561795      0.42671633      0.39274663      0.26930532      0.31820330      0.33445621      0.38364920      0.32867208      0.40420672      0.26423702      0.36941573      0.36538804      0.33357617      0.32899588      0.32283637      0.34497359      0.28210926      0.38567466      0.33265013      0.36470988      0.25443062      0.32939294      0.39040983      0.33950824      0.28885776      0.27287737      0.39177653      0.25759211      0.33709770      0.29649368      0.34180206      0.32835075      0.28239965      0.33149493      0.36424297      0.40244243      0.31916100      0.34121123      0.48115909      0.25460938      0.32583964      0.33563641      0.33463186      0.35235700      0.19592892      0.31920329      0.24777122      0.28556842      0.32052702      0.32598451      0.29944164      0.31067058      0.36925548      0.27796596      0.30983597      0.35255194      0.22569312      0.32096261      0.29418731      0.34407109      0.25081435      0.43724144      0.35174271      0.34383082      0.38300028      0.31373382      0.31524909      0.30961728      0.27436429      0.36000431      0.40404183      0.33072600      0.47303391      0.34927663      0.35496667      0.44928563      0.46771431      0.25362259      0.33915061      0.30327433      0.32107639      0.32041138      0.30185094      0.28565097      0.25378463      0.40431130      0.29256091      0.36116138      0.33367276      0.30484310      0.27674872      0.31611276      0.31272221      0.32426786      0.33811894      0.32517737      0.37697473      0.37243435      0.30151501      0.28651759      0.27992058      0.32697630      0.32102188      0.36498144      0.38634491      0.32888576      0.33705571      0.40893501      0.36416304      0.29502520      0.27510655      0.35095912      0.28240603      0.28360280      0.29161820      0.32991871      0.33370599      0.33034644      0.30528328      0.31270239      0.35427102      0.34559557    
  0.45959723      0.44738138       1.0000000      0.44744059      0.33570531      0.39873105      0.41807505      0.39833441      0.36115092      0.32653132      0.45699614      0.41366386      0.39068878      0.33029404      0.38926235      0.46508494      0.34940550      0.41195670      0.38975412      0.39023194      0.49581486      0.44581622      0.42619815      0.39642644      0.33485126      0.37092173      0.30030134      0.45020378      0.37561780      0.46227080      0.27925774      0.50865424      0.42956161      0.34937647      0.41532749      0.36364284      0.45498934      0.38628736      0.41986847      0.28713766      0.47738072      0.37487635      0.50080150      0.32939011      0.47243375      0.40736312      0.33819368      0.34307149      0.60370260      0.36344191      0.43468103      0.40006489      0.37569463      0.32702312      0.26992914      0.46888581      0.38811496      0.31063154      0.41553330      0.39219028      0.28442922      0.35173258      0.47478765      0.30970266      0.36401862      0.36385056      0.23660439      0.29107234      0.32785177      0.39553854      0.37868282      0.48718888      0.39921463      0.46986231      0.40142426      0.45485318      0.35971448      0.33632344      0.37570831      0.33915538      0.43929097      0.41880661      0.55037969      0.44437897      0.47572029      0.53580964      0.48781168      0.45337698      0.37086180      0.46311983      0.28900737      0.34801972      0.30402812      0.37870893      0.24842048      0.44574603      0.34156591      0.33147359      0.36419562      0.37055159      0.47611588      0.37327474      0.33779055      0.38785395      0.34368688      0.33622256      0.44151494      0.44019482      0.27716747      0.41992646      0.27414212      0.48065892      0.41274121      0.30938938      0.43919405      0.35019463      0.45004311      0.59738648      0.35627371      0.32210687      0.51768380      0.42338964      0.38564366      0.33021450      0.35974517      0.46844319      0.37144247      0.44622779      0.31512040      0.38341573      0.42998537      0.43546557    
  0.51351565      0.42263207      0.44744059       1.0000000      0.39666733      0.40136060      0.47920239      0.45844457      0.42096990      0.48302215      0.52946258      0.61293888      0.42462718      0.40253124      0.43907216      0.47177500      0.43468446      0.39266703      0.48713428      0.37037778      0.48265013      0.51845610      0.46398723      0.45680878      0.40364671      0.42177540      0.37765133      0.42742321      0.41130394      0.52847970      0.32503641      0.48319077      0.48006585      0.41882145      0.43286252      0.38130680      0.51752371      0.37289077      0.44493091      0.36715883      0.45574218      0.40139291      0.45905173      0.50539070      0.50189763      0.46973959      0.40515292      0.43282267      0.36173517      0.38892636      0.57516116      0.49788475      0.38372353      0.37454298      0.28641915      0.49778599      0.39926040      0.40095901      0.59093612      0.53026718      0.36810130      0.43417200      0.44931382      0.37518874      0.43036130      0.45542946      0.28981093      0.37448856      0.38680989      0.48429960      0.35930198      0.34301171      0.44925818      0.51253885      0.43629730      0.62670767      0.40758601      0.38431248      0.36560667      0.37910518      0.47496870      0.43952137      0.44457543      0.50709563      0.49136361      0.43174598      0.43435383      0.42695996      0.42960843      0.47364673      0.35474083      0.45312831      0.42675745      0.42818597      0.33470467      0.45067617      0.35330310      0.40804189      0.42034665      0.48627082      0.49091852      0.42619151      0.39413047      0.50663596      0.40818870      0.44084778      0.49398956      0.52072161      0.34370959      0.46488774      0.33788109      0.52389860      0.43249130      0.42669043      0.50422788      0.46070883      0.48069042      0.53057760      0.43398330      0.38185456      0.47870985      0.49924505      0.42412218      0.39826059      0.42343488      0.55030787      0.39269349      0.46871656      0.40015790      0.47422832      0.39130083      0.49837059    
  0.29975057      0.33329499      0.33570531      0.39666733       1.0000000      0.23187113      0.31029004      0.29886857      0.33713061      0.23347346      0.33497897      0.39491081      0.36324999      0.27426463      0.31231424      0.32514980      0.27508882      0.30854747      0.35080695      0.24605653      0.30366871      0.32281324      0.28407225      0.28011337      0.31733012      0.34040540      0.24512686      0.29751828      0.28634620      0.29495892      0.24282379      0.33158422      0.38130817      0.33299780      0.29788244      0.30816394      0.38587829      0.23607270      0.32477188      0.27018934      0.33269975      0.27743223      0.27204370      0.36782035      0.39615908      0.32820621      0.32806841      0.33380097      0.33904633      0.30675092      0.29420486      0.32704055      0.32755193      0.28598040      0.17377129      0.30141476      0.24479681      0.21923536      0.32902673      0.29872248      0.26932269      0.26403180      0.31778848      0.24210952      0.25832781      0.29091570      0.19334304      0.30688792      0.25179985      0.26470137      0.25847873      0.25238499      0.30262986      0.27598083      0.34376177      0.33926985      0.29486462      0.24019361      0.20687696      0.29570755      0.34851825      0.29987472      0.31771311      0.34925392      0.28962702      0.27790374      0.29763541      0.22291744      0.27223098      0.26575312      0.32095844      0.28261143      0.28473136      0.25686058      0.23825237      0.34822828      0.27694276      0.33471763      0.27824661      0.30701894      0.25400192      0.23911496      0.28046608      0.29730976      0.30996028      0.27486682      0.36064187      0.31645101      0.25991061      0.29118696      0.22893152      0.27651304      0.34251243      0.33107471      0.31682640      0.31809852      0.28927404      0.32056165      0.34455204      0.28559855      0.27776033      0.29837865      0.27595842      0.35406044      0.27985778      0.32345957      0.26268131      0.29973957      0.27140069      0.27973369      0.29316789      0.30574715    
  0.39551419      0.28728566      0.39873105      0.40136060      0.23187113       1.0000000      0.38295445      0.35953507      0.27093476      0.22351111      0.50561029      0.30689159      0.27646950      0.26685107      0.32976389      0.39742944      0.24062724      0.27631837      0.32417792      0.36503112      0.41052043      0.38611919      0.38363674      0.40850887      0.27281335      0.33248329      0.22147542      0.33515984      0.33380681      0.42142016      0.23610608      0.41941047      0.38796535      0.27735439      0.36135864      0.27814218      0.37339401      0.34611738      0.37134254      0.19654478      0.38995704      0.30850071      0.44156724      0.27020064      0.37804973      0.33290005      0.24412808      0.32347968      0.29479733      0.31458279      0.36650366      0.35308591      0.31208920      0.23948400      0.29848346      0.48320654      0.43446162      0.25021604      0.34887472      0.33899415      0.22057551      0.26730615      0.35478354      0.24356818      0.32663167      0.32322150      0.20750882      0.19312690      0.27170584      0.31485447      0.36126795      0.27671599      0.28744635      0.39340255      0.30861348      0.39881575      0.31960729      0.23750432      0.33086309      0.26235092      0.36563602      0.37998077      0.36716861      0.40226471      0.36925381      0.39135185      0.34934577      0.48251823      0.35813996      0.43885374      0.22396788      0.29692191      0.25144702      0.38414416      0.18977422      0.34485054      0.27046454      0.26412496      0.28117660      0.29253307      0.47279280      0.31623870      0.24415413      0.32353184      0.28594595      0.23771009      0.38013783      0.40460917      0.20477697      0.41653025      0.21112487      0.44318160      0.40646273      0.24995893      0.45004579      0.29240465      0.37018856      0.49508867      0.27400845      0.29203984      0.49556822      0.44355550      0.34327856      0.24510752      0.33496568      0.41943213      0.33515713      0.39745909      0.24663259      0.34497941      0.34935087      0.36410537    
  0.46829349      0.34367079      0.41807505      0.47920239      0.31029004      0.38295445       1.0000000      0.44056731      0.37070230      0.31985500      0.46512774      0.42320353      0.39592528      0.39678121      0.54613262      0.45813555      0.32300994      0.36357865      0.37111422      0.42235091      0.45484212      0.43971166      0.46262664      0.44272968      0.35873267      0.38122857      0.31443477      0.39743856      0.36245269      0.44636950      0.29385337      0.45276850      0.50992996      0.33190733      0.42361298      0.50719178      0.43658617      0.36300668      0.43871680      0.30205700      0.44305006      0.35100773      0.46600962      0.31875929      0.45303372      0.40581146      0.47482136      0.31121477      0.30681220      0.53956962      0.43028659      0.39216143      0.36353368      0.29486400      0.29959977      0.49030945      0.38413683      0.29120335      0.38590467      0.38308471      0.29696739      0.33350804      0.39413339      0.33928272      0.38254446      0.37403330      0.32629421      0.26948935      0.36790806      0.37367350      0.38774303      0.27343509      0.41004398      0.47516719      0.39696795      0.46946433      0.38492438      0.29183286      0.35572588      0.32241619      0.43339682      0.41308156      0.40556270      0.44623992      0.45711684      0.40225905      0.40439141      0.44214392      0.36629385      0.54571426      0.31779775      0.36920193      0.32863060      0.39142263      0.32959449      0.39620101      0.33329436      0.32462263      0.33961669      0.36236528      0.47246420      0.38218465      0.34843943      0.39035457      0.35447878      0.30822659      0.42629358      0.44525534      0.30025584      0.39697492      0.28259686      0.55551159      0.40125778      0.32836196      0.42485279      0.36068884      0.44973367      0.51344889      0.43331230      0.42066079      0.49809283      0.39387158      0.40435684      0.43587354      0.34682688      0.42861062      0.34859917      0.45085487      0.35485804      0.37797123      0.36683404      0.41310328    
  0.43301350      0.36743671      0.39833441      0.45844457      0.29886857      0.35953507      0.44056731       1.0000000      0.35493582      0.32884994      0.45185772      0.41670141      0.35005775      0.37080145      0.38343003      0.41710275      0.32285553      0.32723957      0.38058376      0.33527687      0.42906377      0.41983378      0.40140709      0.41512316      0.38714293      0.35821760      0.37112081      0.38675386      0.35299844      0.43374494      0.29859978      0.39956337      0.43203482      0.34790751      0.39984182      0.34489581      0.40946123      0.35931796      0.39273906      0.32285380      0.38626879      0.35814750      0.40774605      0.31438905      0.39077947      0.41000023      0.35575718      0.32613301      0.29946864      0.34113142      0.38385227      0.37711367      0.34288070      0.31329888      0.26601246      0.44872358      0.38588470      0.31979144      0.37336886      0.37658149      0.34616867      0.34239709      0.36590409      0.35778394      0.38098887      0.40659174      0.28835192      0.31437778      0.36388969      0.35125864      0.34166992      0.29029995      0.38191289      0.43042839      0.39571533      0.39925909      0.41254884      0.31069610      0.33368179      0.33279100      0.38781521      0.39302436      0.38028854      0.38389492      0.44277328      0.38246375      0.37979370      0.37949532      0.36931559      0.41618663      0.38753161      0.37741777      0.33472815      0.36744741      0.29993662      0.41014919      0.34302843      0.35403332      0.35696489      0.35702512      0.39258343      0.39884141      0.35800734      0.37664232      0.35604224      0.34168500      0.37794536      0.43195602      0.32104698      0.36294499      0.35252661      0.46411267      0.37273708      0.35072565      0.43398052      0.36183515      0.42020842      0.45676407      0.35752764      0.33351025      0.40514022      0.38825285      0.35247800      0.32777742      0.33204257      0.40405387      0.34828293      0.40208286      0.31754133      0.36184195      0.35173452      0.37152493    
  0.42770123      0.37302178      0.36115092      0.42096990      0.33713061      0.27093476      0.37070230      0.35493582       1.0000000      0.34695306      0.41996515      0.45444095      0.42254859      0.29347003      0.39272624      0.38981423      0.33440620      0.35937387      0.39093921      0.27441218      0.38691697      0.45484546      0.35958815      0.33937344      0.38473430      0.42194641      0.29464966      0.35847136      0.34206945      0.40023327      0.36524391      0.36895704      0.42925641      0.36738145      0.36976197      0.32971123      0.41488346      0.27189603      0.44394088      0.36528930      0.35710818      0.33453363      0.33219841      0.37750867      0.39657432      0.41855016      0.43414277      0.30079678      0.35271493      0.32450905      0.35982320      0.35473752      0.41933092      0.43654850      0.23704541      0.39424405      0.30131561      0.28886420      0.36638933      0.34779224      0.31583512      0.39832413      0.33628976      0.28366500      0.33142200      0.38117790      0.26600546      0.36725852      0.33542159      0.36737457      0.27727991      0.29213506      0.36712289      0.38411742      0.44566146      0.38862079      0.35273787      0.29211476      0.38074622      0.43090096      0.47158042      0.37984174      0.41577110      0.39548945      0.36732322      0.32514009      0.39802426      0.28880027      0.35494125      0.36164275      0.32909402      0.37161195      0.31714818      0.33040968      0.27003953      0.35802162      0.28747025      0.40908462      0.37225685      0.34691274      0.30930278      0.33827367      0.32715249      0.36415192      0.35194546      0.33193892      0.43610880      0.46956390      0.37159386      0.31047049      0.29980308      0.38645965      0.34991562      0.39257416      0.40288708      0.41741827      0.37258863      0.41450569      0.38952017      0.33300856      0.32129768      0.36444002      0.32073131      0.32154334      0.35455215      0.39630255      0.30241209      0.35776561      0.31283239      0.34578732      0.33806977      0.40012792    
  0.45700091      0.30200425      0.32653132      0.48302215      0.23347346      0.22351111      0.31985500      0.32884994      0.34695306       1.0000000      0.38220465      0.50339705      0.38337395      0.40753102      0.34774503      0.30097982      0.52551508      0.34306639      0.45849681      0.20490037      0.39637154      0.39834327      0.42402446      0.35751075      0.35811073      0.27459925      0.48637277      0.35997778      0.38867125      0.51451588      0.29691482      0.31006318      0.38143784      0.45571545      0.36109117      0.29386649      0.41922596      0.29605687      0.34552172      0.36334214      0.34971461      0.40386203      0.28392422      0.42242646      0.43184865      0.37564003      0.40764606      0.40607232      0.26449263      0.28750914      0.59706968      0.47476971      0.26291564      0.32763717      0.20184161      0.32684839      0.26788557      0.52069402      0.48283502      0.44105515      0.38764146      0.47853515      0.37020072      0.43565816      0.40822333      0.47894961      0.27679431      0.46301234      0.36480266      0.59979498      0.24389435      0.36446562      0.46636102      0.49723631      0.37104234      0.50286376      0.38715678      0.47645301      0.23463985      0.37855366      0.38126972      0.28913152      0.34457254      0.34543610      0.43662336      0.38474718      0.36745480      0.23683509      0.39213115      0.27613583      0.29801324      0.37525937      0.43190446      0.36324337      0.34666893      0.42390907      0.29489923      0.33980799      0.33889800      0.55577308      0.23355396      0.38686776      0.43748900      0.50601315      0.34767362      0.60028434      0.37663430      0.49845093      0.34461331      0.28190371      0.34555727      0.40133360      0.35126698      0.39578706      0.44835928      0.41828510      0.41119450      0.32101345      0.37225094      0.26302522      0.23648231      0.42025828      0.30580866      0.35494193      0.46395454      0.44760957      0.35438183      0.38267076      0.45698044      0.47262064      0.28612578      0.43783045    
  0.51655012      0.37561795      0.45699614      0.52946258      0.33497897      0.50561029      0.46512774      0.45185772      0.41996515      0.38220465       1.0000000      0.46773809      0.42115265      0.38476753      0.43340558      0.48600903      0.38659111      0.39311603      0.44298604      0.41480729      0.53418130      0.52622718      0.49052158      0.48544407      0.45945510      0.44341937      0.35467190      0.43290800      0.50026786      0.57649893      0.33752832      0.52188593      0.54831809      0.42128342      0.45650259      0.40078208      0.52312589      0.40293923      0.47243634      0.34114474      0.49639443      0.43968871      0.49805751      0.41475984      0.50168961      0.46849549      0.38865840      0.40393972      0.38209060      0.40811494      0.50663280      0.46775877      0.44404858      0.37980723      0.35276139      0.62599069      0.52867246      0.40474981      0.47130242      0.46638885      0.37373596      0.42198759      0.43083876      0.39085242      0.44625488      0.46466550      0.30709606      0.34967405      0.41288352      0.47365576      0.38854060      0.34574035      0.45576927      0.52073002      0.43984249      0.51842076      0.44095176      0.37646306      0.39573428      0.39540446      0.49678254      0.47992396      0.46841308      0.51890677      0.49152204      0.44512314      0.46521527      0.49888632      0.50647968      0.51981229      0.35282299      0.40871599      0.38034379      0.46925509      0.30033302      0.46716046      0.36621052      0.40257141      0.38493958      0.42662638      0.49966976      0.43569800      0.37818789      0.45347410      0.44918919      0.39078659      0.54046291      0.56761354      0.33441478      0.50163436      0.35322711      0.54049069      0.50302112      0.41703975      0.57399064      0.41132018      0.48154634      0.57295215      0.42357212      0.38772586      0.52772391      0.58062154      0.43924981      0.37833777      0.49293032      0.54266191      0.48336333      0.48556587      0.38339999      0.43266368      0.42262581      0.49344665    
  0.46867007      0.42671633      0.41366386      0.61293888      0.39491081      0.30689159      0.42320353      0.41670141      0.45444095      0.50339705      0.46773809       1.0000000      0.48746935      0.38482028      0.40626466      0.41941875      0.39116403      0.38511708      0.51302838      0.31023163      0.43158486      0.52673119      0.40686941      0.39260322      0.41619930      0.40606314      0.39784423      0.41942704      0.40987045      0.50802928      0.37847283      0.45972294      0.47725019      0.49383593      0.40169704      0.35990119      0.49490374      0.33092213      0.40786827      0.41916946      0.41498491      0.41806039      0.38478658      0.56226397      0.42628801      0.45556062      0.43874586      0.45731142      0.33800170      0.37899229      0.50808561      0.49516025      0.37396878      0.39209577      0.21178374      0.43414706      0.33057106      0.36482468      0.55789554      0.50910968      0.38087469      0.39118883      0.40134162      0.34921598      0.38817099      0.44674641      0.27454817      0.43523732      0.37317812      0.44811410      0.30820134      0.29086992      0.42897639      0.45103762      0.45620733      0.59567106      0.36851183      0.35322186      0.30421287      0.39368552      0.44955513      0.38257942      0.41442382      0.46329537      0.42633832      0.38300055      0.40694898      0.31552234      0.40414780      0.39336276      0.36598882      0.45836312      0.44238335      0.37038803      0.35049185      0.40468460      0.35152954      0.42365652      0.41289005      0.49067721      0.36228377      0.39299130      0.40324563      0.46906900      0.45844066      0.45322704      0.50999862      0.49455231      0.37303463      0.41425499      0.34918949      0.44215775      0.36260214      0.48358381      0.45486477      0.47564670      0.42455399      0.42962977      0.43296826      0.36416733      0.36431402      0.44162396      0.37203845      0.39016083      0.40728393      0.52327973      0.36123216      0.41799730      0.37824079      0.46075368      0.35860011      0.43150917    
  0.44977170      0.39274663      0.39068878      0.42462718      0.36324999      0.27646950      0.39592528      0.35005775      0.42254859      0.38337395      0.42115265      0.48746935       1.0000000      0.35895619      0.43732032      0.39936003      0.38395163      0.41493538      0.41402158      0.28751832      0.37311527      0.43805683      0.37256262      0.34624216      0.39901569      0.39803880      0.33096308      0.41837186      0.37303516      0.43810326      0.32653698      0.39544761      0.43559217      0.42343593      0.34671733      0.38495773      0.43868992      0.27358600      0.41338867      0.34049374      0.38231510      0.38703623      0.32768312      0.40006578      0.43615305      0.42236549      0.50113517      0.39408177      0.35501504      0.46698546      0.40290156      0.36977023      0.38155156      0.39872372      0.19840704      0.38168645      0.29637244      0.34051335      0.36279175      0.36303633      0.34643099      0.39000407      0.39734685      0.32549131      0.38751632      0.40028515      0.26678067      0.37372574      0.34819174      0.38572177      0.28464690      0.32263178      0.40144816      0.38905376      0.46207377      0.40064821      0.34496927      0.33938080      0.27171385      0.38937837      0.46826240      0.37708154      0.40992153      0.42078432      0.37966672      0.39241061      0.39773700      0.28989032      0.36419043      0.36095861      0.35958862      0.36821994      0.35439563      0.33448389      0.32371897      0.40423441      0.32718870      0.43586788      0.37678087      0.39152679      0.29555902      0.33944234      0.37974432      0.38751796      0.41083312      0.36693650      0.49150777      0.47178259      0.34864211      0.30719855      0.30567542      0.39916039      0.37074369      0.42253649      0.41691437      0.45549092      0.36822093      0.39529243      0.44370878      0.34840816      0.35284719      0.37562037      0.32979733      0.39415398      0.36706960      0.38197178      0.35111368      0.39680421      0.36808097      0.31275383      0.34612185      0.39274469    
  0.41218537      0.26930532      0.33029404      0.40253124      0.27426463      0.26685107      0.39678121      0.37080145      0.29347003      0.40753102      0.38476753      0.38482028      0.35895619       1.0000000      0.45800754      0.33410445      0.37177604      0.32092106      0.34473911      0.27667096      0.39401376      0.35856459      0.37355056      0.35388622      0.33912811      0.29967973      0.49051476      0.34556687      0.35321221      0.42217696      0.27432409      0.33548987      0.37285772      0.28063947      0.36006206      0.40190977      0.35620761      0.31426957      0.34925953      0.32733440      0.33354688      0.36723951      0.34838679      0.26179013      0.37702909      0.34542549      0.42372549      0.30122983      0.22909792      0.39739758      0.41641212      0.33212367      0.27339137      0.25043911      0.23232687      0.35375479      0.28462246      0.37761182      0.38917238      0.35839313      0.34027639      0.37338251      0.33139068      0.37538376      0.35709676      0.43428060      0.25882629      0.31798762      0.35243109      0.39869663      0.31392252      0.27401876      0.40060067      0.42294797      0.33707568      0.39540616      0.33330011      0.34032777      0.26423013      0.29808301      0.33878168      0.31310737      0.32073525      0.35691074      0.39068010      0.34111142      0.34908164      0.29216605      0.34314182      0.35635844      0.31240168      0.35294509      0.31521386      0.36009049      0.55513257      0.36331090      0.32973114      0.30200851      0.32483017      0.36541280      0.28674147      0.36711493      0.37614417      0.43002868      0.29396698      0.39105764      0.32108372      0.37773830      0.29674640      0.31889629      0.31879094      0.41181579      0.31907496      0.34306565      0.41790843      0.32529137      0.38241297      0.34491858      0.39821619      0.30407161      0.30715457      0.36789769      0.31412920      0.48098886      0.34450379      0.34205717      0.28832266      0.37749803      0.42419219      0.28352895      0.27681926      0.37158698    
  0.44097009      0.31820330      0.38926235      0.43907216      0.31231424      0.32976389      0.54613262      0.38343003      0.39272624      0.34774503      0.43340558      0.40626466      0.43732032      0.45800754       1.0000000      0.41197619      0.34368858      0.36410916      0.36303505      0.30074230      0.41216257      0.40946141      0.40158322      0.38919961      0.35461631      0.35632247      0.32536069      0.38007820      0.36896294      0.44522515      0.27784771      0.39015082      0.48466283      0.34631330      0.38371387      0.49564558      0.40799758      0.31421900      0.40471289      0.33291242      0.37316769      0.37716812      0.38771218      0.32118335      0.43185106      0.42074156      0.48762465      0.32024115      0.30433786      0.51287609      0.42151144      0.36882576      0.34180042      0.33889654      0.22867018      0.42026603      0.33145970      0.33278164      0.40154654      0.37314951      0.32589412      0.36549473      0.36516050      0.33507648      0.38804835      0.38789564      0.30984211      0.30960837      0.35635239      0.38700381      0.34823799      0.30506134      0.40232670      0.45524800      0.39090958      0.43672085      0.34099990      0.34047386      0.29376701      0.32700992      0.44260216      0.37026832      0.38250461      0.43618295      0.41741794      0.37569991      0.37942392      0.35337543      0.35905457      0.48647952      0.33172858      0.35223982      0.31740779      0.40371871      0.36224809      0.38474911      0.32787856      0.36497030      0.35511819      0.36607054      0.38246053      0.37405458      0.35678622      0.40901798      0.34730613      0.34801900      0.42183319      0.43581331      0.31633312      0.36538097      0.29313305      0.47651410      0.36689818      0.34571445      0.43141386      0.37624109      0.42799428      0.44541305      0.48557401      0.39272499      0.40214306      0.39497185      0.34659466      0.52486128      0.37507483      0.40741470      0.33246401      0.41998318      0.40148017      0.33885643      0.32668331      0.38722336    
  0.51583475      0.33445621      0.46508494      0.47177500      0.32514980      0.39742944      0.45813555      0.41710275      0.38981423      0.30097982      0.48600903      0.41941875      0.39936003      0.33410445      0.41197619       1.0000000      0.33824095      0.35394651      0.35118067      0.44880942      0.48771945      0.45970061      0.44512874      0.42517146      0.33770204      0.40505832      0.29577303      0.42333516      0.34815156      0.47286206      0.27333936      0.49844360      0.43571627      0.37974578      0.51597220      0.35548002      0.45805964      0.39901686      0.43448508      0.28824306      0.47021720      0.35736287      0.52251154      0.34572008      0.51195717      0.41860521      0.39694607      0.34085569      0.37614548      0.38302794      0.45882273      0.40714538      0.40484077      0.30582008      0.28078577      0.51567471      0.39573550      0.28803074      0.41292575      0.41193128      0.27392751      0.36933759      0.41204023      0.30244920      0.37401831      0.38542932      0.25162718      0.32033691      0.34322864      0.36774451      0.39910531      0.29353112      0.38770387      0.50536847      0.45750543      0.51283383      0.37337461      0.29287481      0.37809357      0.36464813      0.44688624      0.44903046      0.47569174      0.45318380      0.45423600      0.44313371      0.41286343      0.50053966      0.36135560      0.49521860      0.33476585      0.40237892      0.31263033      0.40750638      0.28212035      0.43026438      0.33972588      0.39072201      0.35007313      0.37969235      0.52621442      0.40398812      0.34646997      0.40235031      0.35555676      0.30676150      0.44859999      0.47081658      0.33926809      0.41229755      0.28145042      0.54187757      0.42226899      0.32543522      0.44941208      0.38910806      0.48514184      0.60117781      0.37773371      0.36153421      0.57651043      0.42792252      0.41338244      0.33908343      0.36884493      0.47759318      0.36037600      0.45107141      0.31856069      0.36460504      0.39218649      0.44071898    
  0.44129765      0.38364920      0.34940550      0.43468446      0.27508882      0.24062724      0.32300994      0.32285553      0.33440620      0.52551508      0.38659111      0.39116403      0.38395163      0.37177604      0.34368858      0.33824095       1.0000000      0.34683931      0.39524159      0.25991473      0.40274638      0.33871442      0.43991038      0.36856568      0.33144316      0.31240934      0.40869200      0.40176699      0.37549925      0.47665408      0.25610352      0.32554677      0.39167714      0.30474213      0.34340483      0.30515328      0.43555447      0.29457229      0.36348984      0.32982796      0.36245599      0.39569467      0.28329194      0.32148618      0.46534166      0.42216465      0.39090055      0.41530597      0.34632170      0.23964420      0.50324619      0.36750838      0.30691624      0.33952168      0.24450068      0.33270937      0.27463898      0.49312621      0.39729559      0.38995370      0.39229345      0.46363065      0.39108899      0.42171043      0.41944796      0.44223508      0.29246956      0.36308029      0.35321444      0.49498081      0.26614818      0.46024245      0.46124589      0.44145402      0.38270336      0.38367444      0.39151147      0.47550595      0.26650369      0.36681715      0.37688833      0.32058138      0.41426730      0.32792863      0.43465418      0.42186996      0.42529294      0.23736674      0.41188452      0.26030082      0.32606229      0.38850406      0.38909158      0.36060953      0.34790879      0.47542697      0.32265171      0.37428501      0.34561279      0.39065671      0.25729543      0.42072177      0.41819316      0.46157503      0.35136011      0.45776492      0.36164159      0.41646478      0.37829280      0.28871632      0.34654167      0.37221318      0.34932077      0.39559960      0.43705416      0.37457255      0.39969122      0.33980644      0.38676184      0.28306046      0.25610277      0.42870644      0.34475747      0.35836989      0.39342293      0.33874440      0.35446873      0.38949418      0.44202298      0.26529852      0.32633442      0.45469779    
  0.38986179      0.32867208      0.41195670      0.39266703      0.30854747      0.27631837      0.36357865      0.32723957      0.35937387      0.34306639      0.39311603      0.38511708      0.41493538      0.32092106      0.36410916      0.35394651      0.34683931       1.0000000      0.35913879      0.26887947      0.38705254      0.42632884      0.37481090      0.34166604      0.41732404      0.32757562      0.29326811      0.41627938      0.35602957      0.37720972      0.37848887      0.50282514      0.40311712      0.38720468      0.32859802      0.36563620      0.37559971      0.28416547      0.38274866      0.29507688      0.35669431      0.32655054      0.34420240      0.33797234      0.37649950      0.37543556      0.41940477      0.30725339      0.35686684      0.35799161      0.37884405      0.34543797      0.31986868      0.31708193      0.21626857      0.37996805      0.30697632      0.29999641      0.37441197      0.35169923      0.30618030      0.34242246      0.47315606      0.31099898      0.36877394      0.35369536      0.26205042      0.32620510      0.31917581      0.36270234      0.28187814      0.34393191      0.35817668      0.37552717      0.36044082      0.39153177      0.35455915      0.30444506      0.28423515      0.33082503      0.43755093      0.33152130      0.39928615      0.43022496      0.37216333      0.38359064      0.38916481      0.29282439      0.34129858      0.36447760      0.29701611      0.32979223      0.31090397      0.32719845      0.26885816      0.37671003      0.31039113      0.35766950      0.33859062      0.35715070      0.30713034      0.33204281      0.33263877      0.34415168      0.32002115      0.32425225      0.45736957      0.43696958      0.28179303      0.35224804      0.29343706      0.38916099      0.35331962      0.33411831      0.40048096      0.37107399      0.34881201      0.39064729      0.34548488      0.30969623      0.33094251      0.36552197      0.30695933      0.33630520      0.33885548      0.37599841      0.30816382      0.39175260      0.33110669      0.32655650      0.33187032      0.37020737    
