   1.0000000      0.14245072      0.11993188      0.15525007      9.88048390E-02  8.61323774E-02  0.16105296      0.13063182      0.18934116      0.20753717      0.16420725      0.15663859      0.16644360      0.12348297      0.13800479      0.14817061      0.13211033      8.44564438E-02  0.15961786      6.75658137E-02  0.15038328      0.16504087      0.16464618      0.13249318      0.15911594      0.11727098      0.13617742      0.12857927      0.12611917      0.13878062      0.18029073      0.12879482      0.15919012      8.90033320E-02  0.14662182      0.11878278      0.12851989      9.81568545E-02  0.16794223      9.88995805E-02  0.12229195      0.14072071      0.13613375      0.14247547      0.14201027      0.16273636      0.18741150      9.68333408E-02  9.02115777E-02  0.13875008      0.16023873      0.11575542      9.59583297E-02  0.15283577      6.58264086E-02  0.13241364      8.34410116E-02  0.12951650      9.30772051E-02  0.11487297      0.11947254      0.15896522      0.14560120      0.10300276      0.14210421      0.15086530      9.65060815E-02  0.12501153      0.12240770      0.18001482      9.14260224E-02  0.12398429      0.15691504      0.15674432      0.14639349      0.13652608      0.12580748      0.13429454      9.31912586E-02  0.13108306      0.33955693      8.69398117E-02  0.11210087      0.15909380      0.12322471      0.16396087      0.15164863      0.14602634      0.12597105      0.13190159      0.10346487      0.10226189      0.12195471      0.13162260      7.28719085E-02  0.14599866      0.12639642      0.12040772      0.12298373      0.15367411      0.11802182      0.12354971      0.15266834      0.12988870      0.11684065      0.15298130      0.15732890      0.28929913      0.10714994      0.11281935      0.11896063      0.17831241      0.16626246      0.13646391      0.16819881      0.21607685      0.13279088      0.13971482      0.11360411      9.02932808E-02  0.12103085      0.15055080      0.10264298      8.31535533E-02  0.15797828      0.15302919      0.11513207      0.13767496      0.15237220      0.10297253      7.40050301E-02  0.13646582    
  0.14245072       1.0000000      0.24162650      0.25852409      0.20678358      0.17218468      0.20711888      0.14913008      0.16880478      0.14577322      0.17994153      0.20955619      0.19351815      8.67297500E-02  0.14565139      0.15134016      0.20466793      8.64706486E-02  0.13675214      9.41025913E-02  0.14624226      0.12585331      0.13994868      0.12330430      0.17058095      0.16711047      9.38675776E-02  0.14071982      0.16623253      0.12087295      8.55839625E-02  0.15004209      0.17279699      0.15245348      0.10314421      0.11305191      0.20176819      0.10474163      0.14794850      9.30705220E-02  0.20167843      0.13902178      0.10820843      0.18453729      0.20334655      0.22641012      0.10943664      0.19245549      0.31764883      0.13432452      0.14324205      0.14630257      0.14899538      0.15686740      4.30326089E-02  0.14930330      6.59777373E-02  9.11077857E-02  0.10199165      0.15197633      0.11726578      0.11298369      0.19730538      9.82159898E-02  0.10751028      0.17487666      8.11126307E-02  0.15681270      0.13065475      0.14477037      0.11728948      0.18461744      0.14503123      0.12091655      0.20087652      0.12406881      0.12438481      0.11676749      6.92634955E-02  0.11738586      0.21300462      0.15345564      0.25876203      0.15597898      0.11700318      0.27906695      0.19652270      0.12254323      0.12290639      0.10358435      0.10996106      0.12540692      0.15120618      0.10456428      5.20511493E-02  0.18804900      0.11629127      0.13768920      0.11565154      0.16083916      0.13808498      8.12868625E-02  0.13229942      0.11333535      0.15032390      0.14537047      0.18689458      0.20035765      0.12525406      0.11141414      0.10998739      0.13236484      0.19234475      0.18002495      0.12580766      0.20137472      0.13523647      0.24407086      0.16026478      0.11376907      0.16229230      0.16259420      0.13429786      0.11013263      0.14982700      0.14503139      0.12779608      0.15069765      0.11162964      7.70761594E-02  0.11719787      0.16233146    
  0.11993188      0.24162650       1.0000000      0.16043133      0.11737979      0.12266217      0.16251457      0.15070811      0.12648387      0.14236763      0.16136742      0.15796004      0.12328166      0.11562486      0.11953516      0.15374094      0.10743780      9.57789794E-02  9.98252556E-02  7.35170394E-02  0.16446719      9.89281684E-02  0.15900311      9.82418731E-02  0.12073474      0.10381401      8.81801695E-02  0.12676829      0.10883113      0.13042127      8.76790360E-02  0.14837269      0.11521053      0.11090689      0.11910972      0.11727706      0.15828149      0.11559101      0.12185416      8.57046992E-02  0.15636773      0.14058378      0.16555217      0.12117315      0.15868919      0.15258813      0.11549138      0.10358027      0.33035526      0.10212558      0.14431435      0.13600205      0.11132178      9.23269391E-02  6.61004335E-02  0.15548475      9.81363431E-02  9.30892527E-02  7.35439733E-02  0.11204518      9.36690420E-02  0.11764842      0.15698884      8.24622959E-02  0.12522578      9.91638303E-02  6.04634471E-02  9.98647436E-02  8.75780135E-02  0.13998362      9.33267102E-02  0.20079133      0.13893725      0.15275235      0.14998151      0.13569632      9.47313234E-02  0.10807645      9.21593234E-02  8.14471394E-02  0.15413703      0.11327368      0.23126367      0.13500796      0.17022194      0.25959352      0.15877262      0.18707573      8.91395211E-02  0.15631495      7.77145624E-02  7.95332864E-02  0.10459724      0.10735507      5.77143729E-02  0.16505668      8.97631720E-02  9.50767100E-02  0.10125784      0.14215398      0.16839145      8.31091926E-02  0.10838720      0.10478570      0.11094283      0.13498905      0.11525173      0.17863940      8.44471455E-02  0.12209472      9.33182389E-02  0.18304823      0.16781740      0.11118165      0.11816706      0.11779188      0.12074021      0.20852238      9.18740854E-02  0.10001142      0.19637632      0.14732938      0.10787132      9.53823850E-02  0.13220166      0.14400981      9.80084315E-02  0.14193982      0.10471037      0.10272522      0.11063886      0.13532180    
  0.15525007      0.25852409      0.16043133       1.0000000      0.29743567      0.14963703      0.20076767      0.18713148      0.18054187      0.23422152      0.20541579      0.41393250      0.17501892      0.10137790      0.16202483      0.17670906      0.12584926      8.41233134E-02  0.15558694      6.01709038E-02  0.15122551      0.16301493      0.13927165      0.14857620      0.21775495      0.15586342      0.11128141      0.12915638      0.15111850      0.14650317      0.13517939      0.15857461      0.18360631      0.14178142      0.12035075      0.10379419      0.16945572      8.30432251E-02  0.15517870      0.13273157      0.14992727      0.12516871      0.12937133      0.25921029      0.16557626      0.20486441      0.13831218      0.15036611      0.15362974      0.12647262      0.24188787      0.14479883      0.13200684      0.15744564      4.93246354E-02  0.15571852      7.68241808E-02  0.11107608      0.37807980      0.31807423      0.14885703      0.15203172      0.17581354      0.10331221      0.11981522      0.18100055      8.95401388E-02  0.16655795      0.12620836      0.22044235      9.89278182E-02  0.11295254      0.15476415      0.17564709      0.16192912      0.36924243      0.13275650      0.10901535      6.87835813E-02  0.12534946      0.20675743      0.14369810      0.12009919      0.16608182      0.10759556      0.12126864      0.14349174      0.13340895      0.13946705      0.14078328      0.12573956      0.12081742      0.14854091      0.14052206      5.70020527E-02  0.15752126      9.62951034E-02  0.14005266      0.11691501      0.17310621      0.12699308      0.10274399      0.12116279      0.14672837      0.14382699      0.18225440      0.19831429      0.24710675      0.10811064      0.11884756      0.12117425      0.17708537      0.18927301      0.16962962      0.15086532      0.24630350      0.12879789      0.18428773      0.17258911      0.10556580      0.14083813      0.18214005      0.12313540      0.12078696      0.18435508      0.18223530      0.12135438      0.14483227      0.12447378      0.11398759      8.81058723E-02  0.16091414    
  9.88048390E-02  0.20678358      0.11737979      0.29743567       1.0000000      0.11503933      0.13851951      0.12535533      0.14062907      9.21116024E-02  0.13214128      0.23052309      0.14552018      8.30234885E-02  0.13401255      0.10319857      8.69311318E-02  7.18614385E-02  0.11468372      9.54016000E-02  0.10905738      0.10328556      0.11026853      8.40127617E-02  0.13208346      0.14777549      8.32705647E-02  0.11513016      0.13874346      9.19061229E-02  8.10610801E-02  0.12442762      0.13974567      0.11742091      8.43574032E-02  9.16574001E-02  0.14194927      7.64229894E-02  0.14636622      7.15687275E-02  0.14157629      0.10625908      8.69290754E-02  0.20301725      0.22546503      0.16214232      0.10506718      0.14064966      0.12818439      0.10578711      0.12314850      9.89113376E-02  0.10958685      0.10649893      3.60684358E-02  0.10575514      4.20332327E-02  5.57308830E-02  0.28844827      0.22491507      0.10134565      6.88934475E-02  0.18502128      8.58228579E-02  9.09517854E-02  0.12094938      5.50926588E-02  0.11803556      8.83322582E-02  0.11524212      0.10963262      0.11641560      0.10185777      8.60708058E-02  0.16151665      0.22111154      9.51194987E-02  8.35619047E-02  3.86620946E-02  8.33728164E-02  0.13945614      0.10535184      9.03097391E-02  0.10955156      8.05200413E-02  0.13972355      0.13347585      6.86310083E-02  9.24624577E-02  6.67149350E-02  0.10641371      9.61548313E-02  0.12729444      7.19700456E-02  3.98566239E-02  0.18243347      8.57154727E-02  9.92183015E-02  8.87293667E-02  0.13011390      8.71700644E-02  6.91466928E-02  9.38251168E-02  7.26891384E-02  0.10454545      0.10953259      0.14465441      0.12606466      8.80486667E-02  9.37262252E-02  8.98234025E-02  9.59671661E-02  0.15435813      0.12968948      8.89333412E-02  0.13773602      9.00267884E-02  0.12967111      0.12052520      8.43832195E-02  0.11557905      0.12295026      0.10916212      0.11506350      0.11948258      0.11124324      8.60988274E-02  0.10739388      8.49110112E-02  7.19020516E-02  8.55885446E-02  0.11027779    
  8.61323774E-02  0.17218468      0.12266217      0.14963703      0.11503933       1.0000000      0.16694011      0.15219784      8.17991272E-02  8.16395357E-02  0.23613179      0.10802734      0.10754126      7.75204673E-02  8.52267593E-02  0.13210739      8.20040926E-02  4.84991036E-02  8.00194368E-02  8.28250945E-02  0.12224644      7.51406029E-02  0.14313523      0.15284927      9.35018435E-02  0.10347329      7.39056543E-02  9.50815454E-02  0.12095962      9.85138044E-02  5.93370460E-02  0.11093768      8.24031979E-02  8.67349803E-02  9.64295790E-02  8.90774578E-02  0.12498878      0.11139159      0.11558385      4.67078462E-02  0.13029474      0.10638452      0.13655531      9.64431763E-02  0.11325844      0.11287136      5.69108129E-02  0.10193928      9.20926929E-02  8.50877240E-02  9.33256000E-02  0.10953270      0.10584259      6.71053305E-02  8.32769573E-02  0.15304911      9.90941226E-02  6.29708245E-02  4.96534370E-02  8.65079463E-02  8.26474875E-02  7.95517713E-02  0.10639604      5.99189252E-02  0.10336687      8.49759653E-02  5.81129603E-02  8.20863917E-02  6.49684221E-02  0.14918968      8.86320546E-02  9.63941216E-02  9.24244300E-02  9.78503972E-02  0.10541049      0.10038751      9.16574821E-02  9.79504511E-02  7.93736503E-02  6.90563023E-02  0.10942243      0.11361609      9.17889625E-02  0.10395190      0.10881554      0.13344893      0.11943658      0.17080091      9.02742296E-02  0.11935394      8.02726746E-02  6.64215833E-02  9.25833657E-02  0.14684972      3.69548835E-02  0.11970378      7.43774846E-02  9.14380029E-02  8.55841711E-02  0.10765602      0.15787520      7.87504390E-02  8.24175850E-02  9.21768546E-02  8.78133625E-02  9.34167281E-02  9.65948924E-02  0.18161461      7.26737231E-02  0.10347012      7.70344138E-02  0.14486976      0.16628078      9.39032435E-02  0.22081757      0.10981121      8.01257268E-02  0.14201553      8.35006610E-02  8.10997114E-02  0.18352546      0.17826048      9.11073536E-02  6.92512095E-02  9.57197323E-02  0.10997032      8.04891363E-02  0.12737045      8.55576545E-02  7.31221363E-02  0.10369590      0.10484074    
  0.16105296      0.20711888      0.16251457      0.20076767      0.13851951      0.16694011       1.0000000      0.20605887      0.15426682      0.14058389      0.21714485      0.17405464      0.18893735      0.16761251      0.20133696      0.21687813      0.12992847      8.39625150E-02  0.11856020      0.13070239      0.16969474      0.12993705      0.23653251      0.12989905      0.14820054      0.16566958      0.11918332      0.13965763      0.13447170      0.15506016      0.10730623      0.17306967      0.19295451      0.13543297      0.16454126      0.27227777      0.18899097      0.12869656      0.18290538      7.74046555E-02  0.19809683      0.15846705      0.20303896      0.15479216      0.17978680      0.18950813      0.24463868      0.14507212      0.12120476      0.28909060      0.16213766      0.15962978      0.14957200      0.10780453      8.42640772E-02  0.20660846      0.11973266      0.10791417      7.74564222E-02  0.12391087      0.11246409      0.11614765      0.14777282      7.27550015E-02  0.16304065      0.11607735      0.16693397      0.11460094      0.12741454      0.15668163      0.12420651      0.11993915      0.15772772      0.18246177      0.17006806      0.15976259      0.13821372      0.11412840      0.12988794      9.67249200E-02  0.16259500      0.14870998      0.12752156      0.18993433      0.16377683      0.15931423      0.15043408      0.26753777      0.11380599      0.24370688      0.12223314      0.10004084      0.14094317      0.12796345      0.10111352      0.17908853      0.13240029      0.12441386      0.10688300      0.17514575      0.23472196      0.11636379      0.12079117      0.13441776      0.12299912      0.13371693      0.14535673      0.23236993      0.10684942      0.13771294      0.12455534      0.30880523      0.20102370      0.14648350      0.13571054      0.15707681      0.17944197      0.23236419      0.15449679      0.21408808      0.27648029      0.14739771      0.15023114      0.13008252      0.13017721      0.16929096      0.11309213      0.19562177      0.15647955      0.11232858      0.14435998      0.15206504    
  0.13063182      0.14913008      0.15070811      0.18713148      0.12535533      0.15219784      0.20605887       1.0000000      0.13377841      0.14971957      0.21985352      0.17043611      0.14805382      0.15365374      0.13945770      0.17641900      0.11088718      7.32297823E-02  0.13453269      0.10501111      0.14682211      0.11415954      0.15807840      0.13380469      0.19244531      0.12115987      0.14538798      0.10887922      0.11205545      0.14022923      0.10224815      0.12640335      0.14053582      0.11611956      0.13164724      0.12010198      0.14583620      0.11183704      0.14924572      0.10276201      0.13541111      0.13321465      0.14452772      0.12340671      0.14114814      0.15847307      0.12440410      0.11221846      0.10455202      0.10571714      0.13535058      0.12683564      0.11722358      9.90489051E-02  7.99440071E-02  0.16658938      9.78517309E-02  0.10572434      8.45406875E-02  0.12490417      0.17041147      0.10430498      0.12509897      0.15468265      0.13478348      0.13437237      0.10079258      0.12010980      0.13584328      0.16476493      0.10698067      0.11247636      0.16948763      0.14820462      0.14070660      0.13490717      0.21229978      0.10530806      9.15897712E-02  9.99222025E-02  0.14450817      0.11171544      0.11545102      0.14039770      0.21235360      0.14617611      0.14568682      0.17122559      0.11890303      0.15391497      0.19030087      0.11003388      0.12942325      0.11006606      6.70498163E-02  0.15722443      9.58328173E-02  0.10825182      0.10431159      0.14733678      0.15338498      0.13528962      0.16612516      0.11933700      0.15711765      0.14175299      0.11864652      0.18469934      9.84413996E-02  0.11142733      0.17103052      0.19449508      0.16778381      0.12579231      0.13339235      0.13654387      0.11826728      0.16574064      0.11593126      0.10150862      0.16350451      0.13182530      0.12297861      9.84447300E-02  0.12644742      0.16723882      9.85643193E-02  0.15925603      0.13530226      0.11195719      0.10222401      0.13673022    
  0.18934116      0.16880478      0.12648387      0.18054187      0.14062907      8.17991272E-02  0.15426682      0.13377841       1.0000000      0.22733137      0.19622156      0.22950248      0.21101815      8.23136717E-02  0.21896449      0.13205327      9.14636478E-02  9.64869857E-02  0.14990634      9.24970582E-02  0.13804413      0.20105675      0.13845733      0.10036200      0.19963098      0.16692969      8.87025744E-02  0.10607839      0.13664454      0.11810470      0.19206634      0.13014638      0.16902575      0.12812729      0.10943640      0.12313598      0.16019353      7.19136894E-02  0.18701801      0.12399399      0.13240708      0.11737642      0.12720506      0.18189888      0.16553000      0.19092040      0.21995482      0.12472310      0.12877178      0.15193141      0.14462623      0.13266130      0.21884510      0.17708953      7.49581233E-02  0.15537640      9.64321867E-02  8.02888125E-02  0.10627010      0.12827265      0.10659655      0.14266141      0.13022394      7.75680169E-02  0.10865138      0.17351532      9.09257233E-02  0.15869761      0.13123611      0.18290637      7.87693188E-02  0.14507227      0.14533712      0.15082633      0.17489390      0.16050903      0.10680903      0.10612553      0.17792749      0.21184622      0.26175290      0.11173359      0.11333030      0.17098261      0.11575544      0.10433396      0.14034073      9.74852741E-02  0.12473504      0.12464262      8.25275034E-02  0.11808799      0.14808185      9.00392458E-02  5.20706661E-02  0.11423331      9.38616097E-02  0.12670964      0.12375142      0.17943335      0.10450067      7.58427158E-02  0.10836510      0.10036203      0.13375235      0.15220319      0.20764804      0.31594664      9.36049595E-02  0.10933089      0.11357962      0.18161176      0.15538415      0.15202609      0.10830080      0.24049072      0.11474826      0.17219408      0.14760384      9.69582349E-02  0.11256116      0.14822040      0.11875612      0.10444635      0.16999982      0.19325669      0.12190577      0.13052309      0.11057178      0.14454219      8.20592865E-02  0.13186544    
  0.20753717      0.14577322      0.14236763      0.23422152      9.21116024E-02  8.16395357E-02  0.14058389      0.14971957      0.22733137       1.0000000      0.17808196      0.31300333      0.17657879      0.18656537      0.11644726      0.11996575      0.16863705      0.14072600      0.25501695      7.52857104E-02  0.15441523      0.18908179      0.13958269      0.14087363      0.16305517      0.11906257      0.22614324      0.13230331      0.15852828      0.17951195      0.16726069      0.13138600      0.16004309      0.17667598      0.13078438      9.16613862E-02  0.14033140      0.10198824      0.15887100      0.12169427      0.13278511      0.15680428      0.12368376      0.23259555      0.16840045      0.14426589      0.20294645      0.12657346      7.29990005E-02  0.12312551      0.31391838      0.19004039      9.63207558E-02  0.11842728      6.51964322E-02  8.34056064E-02  4.92036045E-02  0.19699083      9.97925177E-02  0.17955202      0.14531995      0.20219548      0.15142283      0.13547687      0.14622435      0.19525160      0.10497378      0.21384184      0.13908148      0.29944065      8.32328871E-02  0.14983691      0.16301890      0.22699933      0.15293376      0.26639742      0.10287169      0.21761858      4.33024131E-02  0.16315304      0.18971135      8.06125924E-02  0.10717158      0.11209850      0.14109379      0.18661672      0.13448046      0.11419139      0.12028009      0.13030827      0.11754528      0.10237517      0.23173538      0.12163537      9.74923223E-02  0.17816544      0.10131586      9.32216719E-02  0.14653002      0.25128883      7.00442567E-02  0.11214638      0.10624810      0.19092189      0.15869831      0.34838539      0.19264120      0.31353831      0.11620103      9.27760303E-02  0.14901245      0.22552894      0.18327990      0.16020648      0.16191067      0.24616386      0.13334624      0.18072556      0.10126618      7.89318904E-02  8.98393467E-02  0.15492176      9.72495228E-02  0.11511235      0.25742462      0.24507980      9.57517698E-02  0.14218231      0.16584902      0.32705158      8.05650055E-02  0.14912008    
  0.16420725      0.17994153      0.16136742      0.20541579      0.13214128      0.23613179      0.21714485      0.21985352      0.19622156      0.17808196       1.0000000      0.21150200      0.19254592      0.16211322      0.19451773      0.20928396      0.14402936      9.19833407E-02  0.17961673      9.59690213E-02  0.19312355      0.15688334      0.21395791      0.16341452      0.24345139      0.18060552      0.14384423      0.14541312      0.28544211      0.22160725      0.10598899      0.17964381      0.19990662      0.15488750      0.15658875      0.18256943      0.21669343      0.12374657      0.18410926      0.12205433      0.21384995      0.15641905      0.19141382      0.20622063      0.20847549      0.22953288      0.14738424      0.18746561      0.15546329      0.14372437      0.20525187      0.16610807      0.17447770      0.16829522      9.40650403E-02  0.30842006      0.19238880      0.15687214      0.11259738      0.17127194      0.13844569      0.14532241      0.16515444      0.12326132      0.17059344      0.22968116      0.11064086      0.17698373      0.16327572      0.24783060      0.12444631      0.13162163      0.18813840      0.18937604      0.18451564      0.18018775      0.15824458      0.12448101      0.11472379      0.14156398      0.23272371      0.18927824      0.14141387      0.19565473      0.18120986      0.15803422      0.19190596      0.22344118      0.18131633      0.19397190      0.16166370      0.13050346      0.19717757      0.18775220      8.36584419E-02  0.20368324      0.12210306      0.17414947      0.12583722      0.19922310      0.20279118      0.14699315      0.13475150      0.13804008      0.15829061      0.18817428      0.19704790      0.32962167      0.12302771      0.15965973      0.17582726      0.25376400      0.27019474      0.18340832      0.25501013      0.19932835      0.15192051      0.24634472      0.17291483      0.16222440      0.23355180      0.23026775      0.16490825      0.12560779      0.21436016      0.22778110      0.22258314      0.17909059      0.13440062      0.14173374      0.13731223      0.20236111    
  0.15663859      0.20955619      0.15796004      0.41393250      0.23052309      0.10802734      0.17405464      0.17043611      0.22950248      0.31300333      0.21150200       1.0000000      0.22497302      0.17999972      0.17539245      0.15194683      0.12721935      9.36831683E-02  0.18946651      7.65391663E-02  0.14964606      0.16730167      0.13388279      0.12175321      0.18575881      0.16318551      0.12391166      0.11938244      0.16589487      0.15707748      0.12894115      0.16336456      0.17712139      0.17455125      0.11868534      0.10580387      0.17083071      8.40487257E-02  0.15757407      0.10947681      0.17071456      0.12232480      0.11438370      0.37372711      0.18772939      0.20921592      0.14232987      0.18174076      0.13924886      0.14971270      0.24039488      0.19933091      0.14274631      0.15911897      4.68949527E-02  0.14804143      7.20620826E-02  0.10305611      0.40435675      0.33479008      0.11092708      9.82669741E-02  0.14984103      9.22306776E-02  0.11117470      0.16403827      8.39532167E-02  0.18537858      0.11714073      0.18579040      0.10609239      0.10799646      0.14746475      0.15496552      0.18027095      0.40383771      0.12933142      0.10108960      6.39577359E-02  0.13515550      0.18548465      0.13717125      0.11548759      0.14220150      0.10702144      0.11458560      0.14104262      0.10947134      0.12663282      0.13131887      9.15238410E-02  0.12769583      0.17994411      9.80970562E-02  9.94517207E-02  0.14508265      0.10650649      0.13097399      0.11587769      0.23824224      0.10433825      0.10140574      0.11682352      0.12955724      0.15318632      0.19735675      0.21403596      0.23354760      0.11134289      0.10074208      0.12898093      0.15478037      0.17029272      0.19179440      0.11854929      0.22099139      0.12739819      0.18132110      0.16622238      0.12197192      0.14123410      0.15723416      0.13128115      0.12430758      0.17786275      0.17847438      0.12373685      0.13099803      0.10749444      0.15114601      0.10425609      0.13843089    
  0.16644360      0.19351815      0.12328166      0.17501892      0.14552018      0.10754126      0.18893735      0.14805382      0.21101815      0.17657879      0.19254592      0.22497302       1.0000000      0.15676746      0.17590380      0.17489061      0.13168892      0.10065141      0.14234260      0.12254738      0.14787152      0.16181110      0.16125689      0.11760750      0.17834467      0.17307389      0.11320777      0.13717929      0.16647290      0.14226997      0.17047974      0.14164609      0.15808475      0.16516644      0.12591803      0.14507477      0.18523839      9.33821946E-02  0.20158699      8.75785947E-02  0.19270988      0.15420772      0.13279159      0.18678127      0.21884426      0.21585566      0.19809638      0.17283343      0.11730823      0.28323141      0.15436009      0.12911935      0.14706673      0.16202685      5.10503724E-02  0.17242593      9.23535377E-02  0.10359830      7.99140260E-02  0.13572052      0.11780713      0.12268567      0.17539775      8.91776159E-02  0.18088686      0.14841115      9.25049260E-02  0.14688195      0.11877213      0.15059508      0.10603894      0.13022886      0.13872540      0.12952363      0.21103428      0.13684921      0.12180789      0.12038343      7.53033832E-02  0.12617724      0.23230492      0.15194894      0.11541826      0.14667557      0.12654674      0.16420792      0.15119527      0.15075117      0.11442731      0.12509927      0.10939717      0.11697703      0.16617565      0.12499339      7.29817078E-02  0.16710335      0.12511939      0.15082510      0.11886718      0.17863688      0.14165455      9.09195170E-02  0.12868242      0.12713325      0.15643419      0.15275432      0.20795575      0.27974036      0.12494267      0.10549594      0.11301664      0.18173459      0.18182881      0.17405136      0.11775254      0.23196937      0.12825599      0.18123659      0.18495156      0.14567482      0.21553926      0.14676873      0.13805652      0.11826003      0.14015882      0.15426491      0.12621436      0.17262702      0.13337837      9.77520794E-02  0.11851624      0.15445857    
  0.12348297      8.67297500E-02  0.11562486      0.10137790      8.30234885E-02  7.75204673E-02  0.16761251      0.15365374      8.23136717E-02  0.18656537      0.16211322      0.17999972      0.15676746       1.0000000      0.26433632      0.11582370      0.10468626      9.67695341E-02  0.12352419      8.13936591E-02  9.87711251E-02  0.12995169      0.12590939      9.95082483E-02  0.11545216      0.10525788      0.23666877      0.11052395      0.10203879      0.11887860      0.11588220      0.10181244      0.11918036      9.96854380E-02  0.13089338      0.15876678      0.12431434      9.40850526E-02  0.14705509      7.69215226E-02  0.10920218      0.12054045      0.12877077      9.36735496E-02  0.12850091      0.13284998      0.23513123      0.11094137      5.00875190E-02  0.20352675      0.13769130      0.10223383      6.83839470E-02  6.65175617E-02  5.55448905E-02  9.31886882E-02  5.94263896E-02  0.12930599      6.08842224E-02  0.11689855      0.10526340      0.11377076      0.10204451      0.11099458      0.11183535      0.15264055      8.64923820E-02  0.12777285      9.12993997E-02  0.14453885      0.12283081      8.69919434E-02  0.14534666      0.11165722      0.10424534      0.11950826      8.54630321E-02  0.12088513      6.90395981E-02  6.61948919E-02  0.11781934      9.78409201E-02  7.80959874E-02  0.11830153      0.12297495      0.12993813      0.10754324      0.10615341      0.11626629      0.16487828      0.17533100      9.46848765E-02  0.10607279      0.11347448      0.32736665      0.12670903      0.10278144      8.91861767E-02  0.10818335      0.11447918      8.60952884E-02  9.76572931E-02  9.94405821E-02  0.14206235      8.54416490E-02  0.13170800      0.10542733      0.14260693      8.73529986E-02  0.11371221      0.11184756      0.16236277      0.11335061      0.11971176      0.12460802      0.10171304      9.05991346E-02  0.10868131      0.17802824      0.15191120      0.11723856      9.28518102E-02  8.46723691E-02  0.19744998      9.70445201E-02  9.79651958E-02  6.83775023E-02  0.12287186      0.20137535      8.38389993E-02  7.82650262E-02  0.12147129    
  0.13800479      0.14565139      0.11953516      0.16202483      0.13401255      8.52267593E-02  0.20133696      0.13945770      0.21896449      0.11644726      0.19451773      0.17539245      0.17590380      0.26433632       1.0000000      0.15492238      9.49911848E-02  9.33710337E-02  0.13924913      5.41239232E-02  0.12563425      0.12789780      0.13767388      0.14236045      0.19481911      0.14671715      0.10658366      0.11857665      0.18825933      0.13470580      9.35220942E-02  0.12691386      0.25550425      0.11211136      0.11733959      0.25875688      0.16673782      7.44096562E-02  0.17911382      0.11205231      0.13412078      0.11765761      0.13630325      0.15168653      0.18249707      0.20643556      0.21981765      0.13495876      0.12320910      0.23629990      0.13128163      0.10950550      9.37706530E-02  0.15389486      4.44875993E-02  0.14143293      7.41725266E-02  0.10404943      9.66693163E-02  0.13557547      0.10543559      0.11132369      0.13558045      8.45668837E-02  0.15256193      0.16959977      8.52770805E-02  0.13935575      0.13704149      0.18152511      0.10402311      9.95032936E-02  0.16224341      0.15490769      0.13685280      0.11877830      0.10450530      0.11038151      6.57307953E-02  0.11402193      0.22730531      0.11100706      0.10248854      0.18036909      0.10799433      0.12088675      0.13098820      0.11183639      0.14123401      0.18444569      0.12441698      0.11493571      0.13042510      0.15425673      0.15847996      0.12986892      9.68886986E-02  0.14245945      0.11020135      0.14224654      0.11077503      8.88635963E-02  9.83619764E-02  0.10758764      0.13091995      0.13067019      0.17478167      0.18348037      9.53455567E-02  0.11888091      0.10176650      0.19226536      0.15827930      0.13907556      0.13213754      0.16140704      0.10889182      0.15824755      0.29685602      0.15277548      0.13297164      0.16642405      0.11187863      0.35069543      0.14893289      0.16889535      0.11435553      0.13614850      0.19940901      9.14366543E-02  8.04490224E-02  0.15935828    
  0.14817061      0.15134016      0.15374094      0.17670906      0.10319857      0.13210739      0.21687813      0.17641900      0.13205327      0.11996575      0.20928396      0.15194683      0.17489061      0.11582370      0.15492238       1.0000000      0.14064477      6.24977276E-02  0.13428338      0.13679798      0.20462482      0.11803910      0.21441707      0.16160072      0.15212683      0.16198029      0.11896339      0.14226399      0.12884352      0.16756213      0.10813976      0.18345855      0.13326149      0.17334701      0.21129246      0.14435156      0.19831654      0.13925211      0.18295495      9.09950733E-02  0.19780330      0.16239558      0.21141122      0.15157226      0.19514364      0.19473855      0.13561158      0.14473538      0.12942764      0.12767626      0.17763066      0.15540680      0.15956335      0.11540850      8.78669396E-02  0.21399282      0.12473916      0.11123022      7.77444839E-02  0.13622127      0.11698994      0.14506093      0.14048068      9.46071371E-02  0.17193177      0.13077506      9.54822749E-02  0.13500693      0.12167474      0.16174239      0.12052373      0.14341439      0.16975476      0.17474870      0.18049897      0.16696668      0.15078241      0.11144626      0.11975560      9.85291749E-02  0.16939375      0.15081461      0.15715681      0.17129156      0.16895622      0.16446507      0.17425604      0.26835269      0.12622733      0.20661004      0.12847917      0.12327920      0.14228509      0.15075380      7.33298287E-02  0.19113664      0.12704675      0.19303887      0.11747204      0.17665750      0.24017277      0.13419983      0.12930252      0.14659472      0.12250669      0.15362516      0.15588863      0.23254193      0.12130117      0.13417985      0.13202882      0.26404983      0.21044384      0.15436082      0.15278049      0.16562882      0.17010856      0.22908938      0.13403215      0.13924630      0.26889753      0.16941135      0.15708832      0.11561413      0.15898091      0.18353534      0.11657965      0.19745474      0.12902322      0.11339807      0.14711642      0.16960631    
  0.13211033      0.20466793      0.10743780      0.12584926      8.69311318E-02  8.20040926E-02  0.12992847      0.11088718      9.14636478E-02  0.16863705      0.14402936      0.12721935      0.13168892      0.10468626      9.49911848E-02  0.14064477       1.0000000      0.11244593      0.12037124      0.12324511      0.15391840      0.11266087      0.14749391      0.12360531      8.62425640E-02  0.12332438      0.13010015      0.13725798      0.13079317      0.14136721      8.36934820E-02  0.11398645      0.10520133      8.90546888E-02  0.10743261      9.79093313E-02  0.11678857      0.10017480      0.13656609      6.97318986E-02  0.13426240      0.12918526      9.26364660E-02  0.10691918      0.14704409      0.14859597      0.15328284      0.12435792      0.15959959      8.38995054E-02  0.16475488      9.81278867E-02  8.65109935E-02  8.12744051E-02  7.75616243E-02  0.10615075      5.16564958E-02  0.15040600      5.75611405E-02  0.11075248      0.13340996      0.12202558      0.15299010      0.10805120      0.16424720      0.13094740      9.52494815E-02  0.10457262      0.11057505      0.16830455      9.86051857E-02  0.20497669      0.12580062      0.12291668      0.14283153      0.10980511      0.10510621      0.15063514      5.49971908E-02  9.45494547E-02  0.12891860      9.17723700E-02  0.21243882      9.79066566E-02  0.12137275      0.25516653      0.16642490      0.10871689      0.10941664      8.43244046E-02  0.11100796      0.11328697      0.14052553      0.12603642      8.31547454E-02  0.19779882      0.10751224      9.81483608E-02  0.11997063      0.12659562      8.17250460E-02  0.12666036      0.11425200      0.14247566      0.12881613      0.15887044      0.12154919      0.14957151      0.11212324      9.20213833E-02  0.12561716      0.12805642      0.13693778      0.15007183      0.12713325      0.13554193      0.12717462      0.16294609      9.86864865E-02  8.50549862E-02  0.12197506      0.14039648      0.11865605      7.39216506E-02  9.45115536E-02  9.54425409E-02  9.32539478E-02  0.14859270      0.13203755      6.91839084E-02  8.89251307E-02  0.15191031    
  8.44564438E-02  8.64706486E-02  9.57789794E-02  8.41233134E-02  7.18614385E-02  4.84991036E-02  8.39625150E-02  7.32297823E-02  9.64869857E-02  0.14072600      9.19833407E-02  9.36831683E-02  0.10065141      9.67695341E-02  9.33710337E-02  6.24977276E-02  0.11244593       1.0000000      8.26352611E-02  4.75706793E-02  6.52520061E-02  0.10865270      0.12110414      6.69582561E-02  0.18380029      6.89520910E-02  8.15278068E-02  0.17577128      0.12311067      7.47863278E-02  0.10843770      0.19346876      0.10249383      0.11663204      6.21675290E-02  8.80303532E-02  6.85788840E-02  5.49546033E-02  0.10136383      5.74348755E-02  8.21736157E-02  8.72377008E-02  6.73824921E-02  7.20603019E-02  8.82333815E-02  9.97415185E-02  0.18081664      8.24864358E-02  8.83151218E-02  0.11240306      8.49026889E-02  7.10065812E-02  6.37987033E-02  6.36352897E-02  3.93905118E-02  7.11004362E-02  4.86446023E-02  7.38968924E-02  5.13487197E-02  8.11458975E-02  8.50387737E-02  7.80006126E-02  0.14451748      7.12768063E-02  7.29125738E-02  9.31193531E-02  7.84194022E-02  9.12759081E-02  8.12244415E-02  9.42016616E-02  6.16279691E-02  0.10239633      8.98737460E-02  7.32215270E-02  9.19486955E-02  7.95911029E-02  6.02213517E-02  7.64107704E-02  3.28589045E-02  6.55297413E-02  0.12397896      5.58049008E-02  8.99456218E-02  0.12504990      7.42319599E-02  0.11357130      0.10056804      3.98720875E-02  7.40282387E-02  4.88301329E-02  8.21778625E-02  6.40852377E-02  8.75161141E-02  6.66916817E-02  5.59446961E-02  9.80589539E-02  6.85626343E-02  0.11358780      6.35911673E-02  0.10590119      3.77964489E-02  6.50699884E-02  9.05437246E-02  6.57754391E-02  8.00955668E-02  9.82211456E-02  0.14081699      0.11498200      6.70138448E-02  7.37530738E-02  7.48014376E-02  8.41024369E-02  9.02738646E-02  8.74105096E-02  7.37712458E-02  0.10024086      6.04152717E-02  7.37305731E-02  5.68839237E-02  6.36773407E-02  5.32725677E-02  7.16655403E-02  5.72247729E-02  6.58591241E-02  7.05957487E-02  8.58113393E-02  6.22789077E-02  9.01314318E-02  7.52748773E-02  6.13137074E-02  5.46815433E-02  8.03266913E-02
